35 36 39 44 33 34 43 20 22 15 18 9 8 24 8 38 33 2 46 30 5 15 2 6 18 30 7 15 13 11 11 45 0 17 35 3 4 11 29 15 35 2 44 6 11 25 7 21
9 16 15 4 9 4 46 27 28 41 2 23 40 9 14 16 8 16 15 29 21 0 0 13 22 9 36 17 34 40 10 27 39 7 37 31 43 16 17 22 23 24 19 15 5 45 33 24
30 10 16 32 40 5 44 44 36 18 9 29 46 3 47 9 30 10 27 21 38 6 35 35 40 26 35 5 30 41 7 15 28 38 45 36 36 14 15 30 33 34 8 13 39 10 26 3
2 33 1 13 7 15 7 24 32 22 12 15 17 6 47 10 25 12 32 11 23 0 43 23 46 46 17 13 6 23 46 46 5 10 38 33 29 24 0 7 17 43 39 37 23 34 6 43
17 37 11 6 9 40 4 2 33 20 14 26 11 13 30 44 40 27 23 16 14 7 17 39 34 41 26 39 4 6 38 42 21 12 46 34 18 4 43 44 14 34 12 14 14 14 26 29
4 39 10 22 10 28 47 42 12 19 7 25 42 17 5 41 43 4 8 8 13 24 17 23 21 35 23 7 3 11 30 40 11 16 1 34 27 3 19 37 2 1 5 35 10 20 43 13
47 8 32 18 9 26 46 44 7 34 47 7 25 17 18 37 29 6 14 0 37 38 11 33 35 26 15 37 2 30 21 37 43 45 27 20 1 9 33 46 20 3 26 18 8 5 0 23
29 47 35 3 15 23 35 45 15 16 15 29 25 43 14 18 33 25 1 1 13 0 33 44 29 16 43 19 28 41 5 43 1 37 29 14 10 26 16 34 20 12 6 37 2 41 3 0
43 47 36 26 24 10 11 7 4 44 36 3 40 44 34 19 13 27 2 39 37 47 3 16 7 39 47 38 0 17 1 6 14 24 24 8 21 10 28 15 33 21 4 1 47 21 24 4
12 12 21 1 38 16 23 32 3 0 0 8 30 21 14 14 9 11 9 0 41 18 16 46 9 2 11 2 39 0 5 3 40 22 30 17 45 43 28 33 41 39 16 19 0 39 26 4
2 3 37 18 36 19 35 3 19 9 25 47 12 35 35 3 43 10 29 14 42 39 44 31 28 40 16 10 46 15 20 20 43 37 15 34 33 31 6 9 13 7 24 24 12 33 46 32
3 19 18 7 23 11 42 18 14 15 9 0 36 29 12 30 39 34 35 24 46 1 31 19 38 25 18 40 0 4 12 47 6 43 26 40 37 47 2 16 7 25 18 28 16 35 1 32
1 42 33 2 7 30 27 35 28 40 13 13 35 7 38 3 32 2 20 42 37 21 24 35 1 34 14 39 40 1 21 44 32 7 30 22 16 30 30 0 15 39 13 38 15 26 26 33
18 1 23 18 47 5 30 2 1 22 35 39 32 20 17 43 40 7 29 5 6 39 31 40 38 46 37 28 16 1 0 45 26 30 46 28 46 5 27 7 43 3 20 24 38 18 19 24
15 7 47 45 39 13 32 30 23 40 3 12 11 18 41 45 19 36 20 7 10 14 11 20 28 14 10 1 33 26 15 21 40 18 16 35 17 19 21 44 34 26 29 11 0 4 18 37
25 32 21 20 31 10 39 4 9 36 24 22 42 46 31 19 1 12 10 24 19 12 32 7 2 36 36 9 9 6 16 16 34 3 34 8 1 47 10 28 17 32 36 18 31 36 35 15
32 9 44 35 1 15 35 9 32 36 43 8 4 2 29 21 3 11 19 9 40 30 4 12 4 42 35 36 42 36 8 33 32 9 31 44 1 3 39 35 25 40 1 36 18 1 17 38
35 19 35 12 31 42 24 45 42 37 31 19 20 18 32 43 36 34 21 42 14 36 7 20 7 38 30 30 10 13 19 39 42 24 39 33 24 36 38 19 7 7 20 44 1 4 5 15
40 10 0 3 20 44 27 27 28 38 9 2 12 5 24 32 4 13 28 25 27 4 27 27 25 37 17 26 13 24 30 13 16 6 41 11 43 17 42 36 26 46 31 3 29 43 43 32
31 29 2 3 9 36 15 2 44 10 30 13 43 0 9 32 32 38 39 33 34 1 25 25 17 7 27 13 31 21 3 19 37 32 40 29 20 38 9 27 40 25 4 37 33 19 28 27
35 15 39 37 18 20 17 44 25 3 9 31 30 17 22 6 45 26 21 4 27 20 16 1 25 1 22 6 29 47 3 38 46 28 15 44 45 41 21 16 41 15 0 31 31 42 27 41
7 28 33 20 21 30 34 32 27 15 38 11 6 14 35 47 22 22 12 33 25 6 30 45 8 14 9 39 16 21 31 26 11 5 16 17 9 9 42 4 19 47 22 37 8 26 35 11
32 9 47 4 43 3 9 46 37 38 30 45 18 15 23 26 14 23 43 39 16 18 22 21 44 10 42 13 6 7 27 47 26 1 19 13 38 4 12 46 20 2 24 35 37 12 40 5
21 30 6 5 5 40 3 6 36 9 9 43 21 21 26 15 0 45 15 20 9 31 30 47 20 45 36 26 24 29 29 20 1 12 29 24 5 35 46 4 35 37 36 8 30 28 0 6
44 23 37 11 36 27 29 3 33 38 0 38 40 6 2 5 32 25 8 28 10 9 30 18 9 34 41 22 4 3 17 17 45 15 12 39 26 8 33 23 33 46 36 11 34 13 28 39
3 19 37 39 29 6 14 22 3 19 39 24 8 20 41 44 35 4 12 41 44 2 4 9 42 10 3 10 20 23 18 4 42 1 24 10 44 41 1 26 11 32 17 26 20 19 0 47
31 29 44 26 19 8 45 46 11 12 9 15 45 13 21 8 5 1 44 24 15 28 45 37 25 39 23 44 46 21 19 35 20 12 9 13 23 6 0 22 13 2 45 42 5 16 34 1
28 43 40 5 26 1 46 36 30 25 46 10 16 22 12 45 12 7 16 42 20 31 31 7 24 2 17 38 9 32 28 36 13 34 24 30 20 1 32 3 21 22 43 13 29 11 39 23
35 10 27 1 2 10 45 31 29 42 45 10 6 44 2 14 41 42 13 22 33 39 28 6 16 22 7 41 16 47 37 16 36 0 19 1 32 22 7 18 12 12 24 47 33 15 29 42
24 37 37 29 18 44 39 45 24 43 39 3 38 12 26 1 40 41 29 15 39 18 13 21 9 26 46 42 27 42 32 40 35 13 10 17 27 11 1 17 37 27 13 36 21 18 27 4
27 26 29 0 34 39 0 27 11 9 3 42 20 37 34 22 24 44 1 22 5 27 33 45 38 29 39 43 10 24 27 0 35 33 32 25 10 23 32 47 15 43 44 24 12 28 7 24
19 21 12 44 22 5 11 28 6 27 18 38 43 31 8 6 38 47 37 24 8 15 6 10 38 44 32 14 28 8 21 2 28 28 47 20 44 41 42 19 14 35 46 13 36 37 18 9
4 30 35 35 0 6 36 47 25 47 17 32 25 28 21 12 4 9 27 3 20 12 35 14 18 8 31 39 6 29 7 18 31 27 15 22 26 17 20 13 47 26 2 25 5 17 44 29
5 38 41 21 2 16 34 20 21 42 3 29 40 21 29 30 4 30 25 36 14 35 45 40 5 40 47 8 25 0 6 36 26 29 43 28 39 18 12 6 31 25 13 5 8 11 13 29
43 1 16 42 3 29 4 11 39 30 41 13 21 32 36 9 42 43 31 45 28 45 19 39 42 10 43 31 33 22 45 47 35 20 23 38 8 0 9 47 33 8 42 15 18 34 10 19
29 23 40 24 12 38 33 3 23 12 10 15 47 31 45 29 16 25 13 13 42 3 47 22 25 9 8 34 1 46 18 39 37 25 13 39 13 25 31 30 38 10 35 5 33 20 40 0
1 31 32 40 14 46 13 26 37 20 1 9 28 15 13 42 26 20 23 34 27 22 18 37 35 25 11 36 9 34 46 35 22 39 36 31 17 0 7 42 1 41 7 29 43 23 9 19
23 19 18 41 27 17 1 15 42 0 35 34 2 6 18 33 27 47 2 8 36 13 47 19 3 3 19 41 18 15 41 37 9 25 42 10 42 40 45 46 46 13 20 14 4 6 25 28
7 13 20 26 27 32 45 15 0 9 31 44 38 33 23 46 11 28 33 19 40 44 11 10 43 4 46 26 29 38 1 34 0 23 20 2 37 36 42 35 26 42 36 27 7 10 5 20
38 22 37 39 43 45 17 35 43 20 39 22 36 29 37 29 8 7 8 31 38 44 45 21 6 31 31 9 37 23 19 24 23 23 22 16 30 18 22 0 31 10 20 1 14 16 14 25
0 12 7 28 27 13 6 1 32 17 40 0 39 17 34 16 2 30 32 1 17 36 22 20 8 41 3 5 22 6 0 41 47 26 10 12 44 6 36 36 10 40 27 8 2 27 15 28
35 8 1 34 32 23 26 8 23 33 30 4 8 4 6 13 10 12 8 8 3 12 25 11 31 39 7 1 44 8 11 1 17 19 14 32 31 36 10 11 39 7 36 44 36 5 22 46
35 45 36 4 14 45 42 14 3 17 16 2 25 27 23 16 6 14 36 9 4 43 46 5 28 1 11 20 3 36 46 31 18 15 14 32 47 9 24 35 10 23 6 15 38 32 39 22
11 5 13 23 13 0 20 35 39 9 29 22 24 22 44 34 36 31 21 28 47 25 46 35 2 32 38 37 30 32 32 15 38 33 4 36 35 2 10 42 22 23 47 8 1 23 6 12
9 39 5 36 39 11 24 7 16 5 38 15 29 16 6 6 40 3 26 9 37 35 16 42 40 30 17 32 1 5 28 12 44 34 24 8 32 27 22 32 11 47 21 37 34 8 44 44
22 25 32 17 34 10 47 6 34 21 37 24 31 12 41 28 35 2 34 18 17 1 12 25 34 0 24 6 14 2 41 5 32 35 25 1 27 15 5 15 0 45 19 36 21 6 14 8
43 42 18 9 46 6 33 28 20 27 16 34 39 47 36 25 22 26 26 28 38 17 43 35 23 17 33 27 12 42 42 31 16 22 45 22 28 35 4 36 18 37 9 10 22 45 5 43
16 43 27 32 5 32 8 23 3 8 47 26 36 2 45 14 22 29 38 14 10 47 24 41 15 5 17 39 2 11 33 15 13 0 11 19 43 47 47 47 41 26 19 15 14 25 1 3