21 5 7 0 4 3 18 4 16 20 6 5 17 21 6 3 10 19 23 16 0 14 5 14
16 3 19 20 21 20 21 0 23 11 17 14 17 7 18 23 22 19 8 3 22 5 13 18
18 22 19 7 9 23 16 12 2 0 2 20 22 13 13 19 20 14 10 8 6 16 4 18
4 16 14 6 3 21 16 3 19 3 5 5 16 13 18 1 19 9 9 17 23 22 6 16
17 17 3 6 18 3 4 18 7 9 17 10 10 14 11 8 1 17 4 8 17 1 14 23
9 6 12 12 3 8 2 3 0 23 0 14 6 13 0 13 13 2 16 16 7 4 13 6
11 1 18 14 3 4 13 10 18 5 11 2 17 10 5 0 17 7 11 9 11 1 16 5
16 14 19 8 11 10 21 12 10 10 4 5 20 13 14 9 0 3 6 13 23 1 23 3
21 10 23 1 21 3 15 13 17 22 15 3 17 17 15 23 12 3 15 12 4 14 1 2
17 4 18 22 3 16 9 12 1 16 23 0 19 8 21 10 8 14 19 21 3 5 1 18
16 4 18 9 12 11 4 8 11 6 18 0 17 23 9 22 6 12 5 4 7 16 18 10
16 8 4 8 19 7 18 2 3 22 8 23 8 9 1 11 0 2 19 10 21 23 14 20
23 22 17 15 7 13 10 19 5 10 0 16 6 6 2 22 21 13 22 3 6 16 21 23
11 9 18 15 14 9 1 5 2 7 11 20 4 21 8 23 3 2 20 4 4 20 13 15
22 21 9 6 13 6 21 9 1 14 3 11 6 6 10 13 14 22 13 21 14 22 19 2
8 3 3 7 8 12 22 19 9 4 6 3 19 14 7 16 7 12 4 10 10 0 5 10
1 19 4 12 15 15 22 15 11 10 18 21 21 7 19 8 17 19 20 11 15 9 17 7
12 15 21 11 2 7 10 13 9 18 19 10 23 14 1 23 17 6 12 22 21 11 4 22
2 5 17 12 6 16 15 20 14 4 12 9 0 7 11 14 4 6 4 20 15 7 22 4
7 2 22 14 9 14 1 1 9 10 23 21 3 8 22 6 16 4 4 9 11 20 6 6
11 14 3 19 2 22 22 4 12 6 5 20 13 17 13 22 11 22 22 18 11 9 19 16
2 8 6 23 22 5 3 17 0 17 20 2 23 23 1 14 19 0 1 13 0 3 22 11
12 21 18 8 2 1 22 2 23 19 17 23 12 13 2 23 3 19 1 13 23 18 1 3
18 19 3 9 16 3 13 21 5 16 19 5 23 16 12 4 23 10 1 11 0 8 14 15