30 72 32 36 64 61 21 2 14 16 44 17 94 33 27 45 25 15 83 36 68 44 15 80 3 28 27 72 50 70 65 40 83 45 58 48 65 3 24 91 18 31 79 91 65 5 26 33 45 95 27 35 77 47 76 74 9 29 40 2 15 45 31 30 85 85 67 31 39 2 94 57 4 81 76 12 6 50 54 63 58 56 1 7 8 25 69 44 60 41 43 42 50 17 53 30
92 29 80 18 14 55 89 20 32 18 13 68 36 35 30 61 27 0 61 41 43 39 0 12 51 13 23 36 87 24 6 93 32 6 92 33 39 8 3 9 63 89 30 34 69 16 8 50 21 7 40 19 81 71 55 16 67 84 94 27 82 77 32 88 53 76 57 54 94 19 67 90 94 62 51 90 75 10 74 16 58 74 45 76 29 14 92 49 32 30 93 94 44 10 48 71
9 63 74 51 23 33 54 7 90 18 14 87 3 0 89 79 71 89 70 55 81 17 63 33 21 94 36 29 93 9 82 77 31 13 43 64 15 17 56 70 30 9 52 6 91 41 6 9 29 15 23 14 60 15 42 31 2 43 64 42 24 60 46 76 39 42 56 53 64 31 41 72 32 33 83 2 13 17 27 38 53 28 36 63 15 50 46 79 86 9 71 12 76 68 48 11
90 10 62 16 23 75 43 79 88 22 41 82 6 91 94 35 50 48 56 44 25 20 69 22 37 93 17 18 21 58 38 66 77 88 16 6 72 78 94 1 93 21 13 15 53 47 42 77 21 57 1 76 77 55 57 7 65 63 46 83 68 49 49 95 29 32 59 62 12 82 87 84 12 73 88 0 18 72 87 2 94 80 52 69 75 62 58 36 54 29 74 49 60 57 81 13
83 8 25 46 73 20 4 70 11 93 82 33 81 94 22 95 77 56 63 47 93 72 93 64 52 20 82 84 34 54 88 91 93 72 29 45 74 62 21 21 8 7 16 23 49 25 80 33 36 56 19 23 21 73 55 94 60 4 20 87 39 36 25 91 82 93 60 22 35 70 11 92 76 58 60 68 79 15 71 24 67 22 46 5 90 22 11 35 19 66 91 43 16 93 55 51
49 14 71 83 27 77 24 47 81 70 63 86 45 28 24 55 25 81 29 70 55 78 55 67 31 68 50 58 61 32 68 16 51 67 13 23 33 92 38 93 87 91 22 49 78 33 73 19 4 88 0 54 5 32 40 82 8 44 61 46 66 51 24 39 79 34 4 83 60 83 79 7 56 14 25 56 79 12 83 52 54 6 89 29 17 41 6 93 7 68 90 37 65 80 55 51
33 44 48 20 23 93 18 28 29 62 69 54 3 11 82 31 75 63 3 41 74 24 42 44 66 91 58 14 4 48 69 14 84 57 87 3 5 61 53 59 79 0 21 82 57 9 85 3 59 39 4 8 12 30 26 35 30 45 46 30 49 26 91 74 12 26 19 95 89 79 41 10 61 4 53 88 89 62 30 91 49 26 89 43 19 68 93 63 21 13 20 33 8 1 54 33
65 73 36 11 57 20 59 75 8 82 89 61 64 1 16 87 4 47 41 75 50 89 68 68 56 71 15 18 88 35 16 56 27 95 60 38 89 17 11 66 90 46 72 68 29 53 28 94 2 37 52 3 7 46 42 34 49 16 63 19 88 15 21 8 50 42 35 60 45 22 84 60 43 86 2 4 58 38 46 54 30 30 77 85 26 8 92 59 15 31 31 56 54 22 54 25
46 87 55 18 2 61 63 61 74 45 51 16 84 43 20 77 7 71 72 38 44 81 20 89 2 80 95 23 30 26 14 58 41 31 85 20 32 5 92 93 2 1 64 16 62 94 71 43 79 42 48 15 91 14 38 84 12 21 28 94 80 4 48 29 89 24 45 37 31 46 89 17 24 0 47 27 50 16 48 17 9 23 21 15 3 94 38 1 31 74 53 89 79 82 59 25
86 38 74 19 22 3 0 71 39 92 69 60 5 45 1 46 61 90 60 85 62 7 84 47 37 9 87 74 90 19 25 21 85 72 33 52 15 47 39 65 46 57 38 55 58 21 21 64 6 92 29 80 47 88 4 54 8 67 45 58 82 69 67 76 24 81 82 48 79 75 45 5 29 61 5 77 8 17 22 94 55 37 90 70 90 20 29 61 94 60 86 49 23 6 30 78
89 63 84 92 69 67 37 91 7 82 48 87 49 66 59 76 89 95 93 11 21 22 44 75 2 68 75 16 5 1 44 94 52 12 59 39 50 30 92 48 63 50 35 6 74 11 88 60 0 74 22 75 7 1 73 59 29 30 45 54 52 34 91 85 78 12 12 48 29 35 57 76 2 43 8 23 12 94 48 27 11 16 42 0 18 35 25 76 79 72 85 71 92 22 90 66
84 26 27 89 55 87 2 65 29 25 93 75 94 58 93 37 92 89 52 33 63 89 91 46 74 21 61 66 80 62 53 2 38 69 39 28 66 87 77 85 57 51 35 4 15 48 9 6 65 62 15 68 44 22 1 85 18 55 34 61 35 42 84 49 60 21 39 42 33 37 57 76 74 84 66 49 30 9 52 4 91 64 36 26 60 55 2 32 21 46 82 89 87 80 88 1
23 34 74 44 0 21 17 26 74 68 23 6 93 4 79 56 58 9 37 58 64 23 69 73 31 48 81 30 35 92 57 75 67 21 35 19 57 59 67 87 29 8 60 2 42 39 6 10 74 50 68 0 34 1 72 52 6 34 18 4 0 79 77 87 49 22 46 85 92 39 79 11 67 25 64 35 11 33 20 19 32 73 11 39 80 38 52 24 7 56 94 72 79 63 81 17
49 5 47 13 29 63 85 24 23 7 8 7 64 65 71 41 38 73 22 73 94 73 77 48 9 13 52 43 36 51 55 81 69 82 67 65 65 55 16 21 64 21 56 90 50 35 75 11 89 35 38 72 20 79 56 62 2 65 25 53 31 12 10 90 94 83 72 70 52 78 57 85 5 19 87 8 27 19 44 18 27 58 1 87 55 10 76 18 84 6 63 74 50 44 58 40
59 45 58 34 86 53 34 73 82 39 24 70 34 75 30 42 42 28 1 21 80 15 3 10 39 32 29 94 9 54 13 95 74 47 34 24 35 82 35 78 28 36 26 53 72 82 88 23 34 42 39 8 27 91 68 40 16 19 42 62 47 70 56 67 82 65 64 79 49 40 20 0 73 9 87 9 67 20 34 83 37 94 28 4 4 60 89 19 30 25 93 71 70 92 73 34
81 16 82 84 31 84 58 26 9 46 18 84 3 26 61 28 33 0 34 1 15 5 79 59 25 80 81 78 47 27 75 45 0 22 56 41 35 66 52 49 73 10 74 17 53 77 56 80 89 84 8 20 46 72 51 3 63 66 48 12 1 95 69 27 32 37 58 3 21 48 81 5 0 81 36 36 39 39 38 23 38 88 78 73 78 67 86 87 89 7 91 91 20 93 74 42
77 87 79 85 81 29 3 21 79 1 80 62 16 33 9 75 7 10 35 92 93 11 81 10 74 89 46 52 88 59 19 46 74 1 77 49 69 15 45 47 53 42 55 56 83 77 74 93 22 24 41 73 64 19 76 48 13 40 14 92 93 11 11 83 35 38 46 70 73 34 49 30 86 14 43 33 31 81 5 45 86 8 91 46 18 53 8 39 87 28 81 37 2 22 79 42
23 20 46 14 28 2 60 70 84 82 3 28 36 37 28 64 23 7 17 6 5 61 63 88 2 37 81 76 16 28 20 29 84 51 72 39 19 5 57 82 75 50 68 84 51 40 9 87 20 33 52 38 58 22 32 36 59 86 47 91 40 90 51 66 41 35 79 17 19 10 16 34 28 66 73 64 88 66 46 51 47 76 66 83 42 40 39 85 6 15 35 40 25 20 81 92
89 65 41 76 9 82 28 53 3 78 86 50 88 52 32 2 6 61 54 8 55 9 40 68 49 81 53 32 36 11 79 70 6 33 10 52 59 43 76 38 86 66 47 13 93 73 60 22 64 8 35 1 65 87 79 30 33 55 52 8 19 60 13 58 3 44 76 16 30 70 94 79 46 26 41 56 53 23 15 42 45 58 93 45 83 18 62 8 95 24 2 75 74 32 10 64
3 90 90 11 6 61 39 1 8 82 76 42 5 54 48 54 3 22 2 27 25 76 1 40 61 42 13 21 20 65 12 92 87 72 90 15 47 62 92 16 48 73 30 34 87 27 4 14 72 80 63 54 37 4 42 23 58 84 91 32 51 95 2 17 21 88 15 47 75 82 41 9 70 73 62 83 29 68 31 2 53 58 36 61 38 70 15 21 34 80 85 42 60 13 85 76
13 39 31 94 29 43 66 21 90 71 19 44 41 10 64 75 66 77 86 89 89 58 53 48 81 79 56 61 26 62 28 64 69 37 67 58 21 47 78 71 19 59 10 4 79 9 47 22 20 69 83 35 29 32 9 15 14 44 11 83 93 30 12 20 75 78 79 7 32 4 12 85 4 64 74 85 45 11 62 6 72 0 30 62 44 69 31 16 78 35 44 66 53 22 21 74
46 63 56 68 2 62 49 19 11 92 20 50 41 10 36 27 62 76 43 8 7 52 67 22 90 48 62 48 8 17 29 72 22 94 11 11 33 30 75 27 23 91 48 16 12 32 45 1 2 18 91 82 89 75 13 89 34 43 19 84 80 3 60 59 32 4 68 85 78 13 1 79 40 22 78 52 14 9 42 72 93 66 62 11 27 38 73 19 13 36 93 91 15 8 94 21
90 49 57 91 95 79 4 17 76 75 1 95 82 18 70 27 61 77 1 40 64 48 62 60 79 75 74 87 55 28 49 56 38 76 67 2 94 46 53 73 48 12 71 85 95 67 74 24 91 32 89 88 12 42 10 83 26 5 13 28 8 36 43 46 52 55 40 9 86 41 20 85 39 69 91 3 68 71 18 11 20 16 42 6 11 92 3 46 18 46 52 6 19 4 47 8
69 70 14 38 48 81 81 87 52 9 26 70 3 77 55 36 16 26 47 84 87 29 70 17 38 18 14 15 94 58 81 24 46 89 9 82 84 59 31 60 0 86 45 57 12 84 12 61 66 9 21 36 14 44 44 68 31 16 9 95 3 68 12 45 13 6 82 0 86 39 9 39 55 25 30 81 70 24 94 32 77 57 49 39 71 0 82 44 91 61 17 47 49 58 64 60
9 64 70 80 71 73 23 4 13 77 78 35 19 82 56 37 53 20 16 68 75 43 5 84 71 28 63 82 7 43 15 78 2 1 26 94 65 5 48 73 0 18 37 1 88 74 12 14 8 45 33 64 41 88 19 78 57 77 8 89 44 73 2 22 55 70 21 35 57 84 27 52 48 88 8 47 87 31 90 91 88 47 91 95 38 40 84 7 75 76 37 60 61 9 13 82
49 6 37 5 72 81 69 8 44 43 30 12 55 29 48 87 81 63 69 47 25 55 51 12 25 75 57 52 26 12 60 7 45 34 16 94 0 61 29 38 17 43 76 60 76 63 56 54 82 38 7 37 68 90 7 53 83 67 65 31 33 89 53 79 14 90 39 42 43 95 18 77 65 27 50 84 31 42 36 61 87 21 59 31 66 0 51 61 18 78 8 63 79 49 73 84
71 68 35 81 86 81 25 6 16 84 40 90 92 38 70 44 25 2 46 68 89 88 37 89 41 71 3 89 43 8 49 72 65 26 79 7 25 57 25 16 61 85 49 37 36 40 46 9 51 34 23 14 47 15 23 84 78 37 82 95 2 79 11 90 92 69 18 53 18 29 33 7 91 22 89 79 60 57 58 62 85 81 31 91 82 30 7 37 90 55 46 24 69 13 93 70
58 62 9 86 46 41 24 93 49 9 2 26 37 84 89 53 5 50 12 69 34 55 2 71 34 47 87 66 16 91 27 29 47 82 72 31 91 23 6 6 19 39 40 72 4 89 51 70 22 67 63 26 22 21 76 35 79 92 5 25 72 48 46 31 37 5 35 3 80 60 55 86 22 43 81 79 76 68 85 45 0 11 76 65 95 56 2 39 23 85 89 32 30 72 53 2
94 36 42 7 66 29 80 11 40 39 59 59 91 79 83 33 30 55 57 37 61 39 17 22 90 93 32 9 22 30 86 72 42 12 49 18 19 89 43 71 91 80 82 38 34 22 13 26 38 66 43 39 6 59 10 3 46 10 54 37 73 30 81 7 90 32 47 36 4 75 34 91 46 28 2 5 79 33 41 17 19 25 69 64 10 25 93 62 63 9 51 40 54 39 57 38
91 50 4 64 59 32 81 27 92 90 76 81 9 62 82 60 45 42 85 22 37 47 63 32 37 75 56 91 8 70 82 43 78 54 12 76 76 66 62 23 34 55 65 47 5 86 32 65 72 55 41 20 95 25 40 69 22 27 62 15 9 53 32 25 7 30 33 13 75 1 41 7 71 94 19 2 80 30 19 54 81 11 95 90 25 16 28 62 85 6 86 8 74 46 40 23
19 14 10 94 74 72 4 10 18 45 82 63 51 47 50 39 57 61 16 61 43 50 19 47 24 35 56 21 23 79 31 76 79 61 59 26 91 76 50 15 41 50 54 14 56 67 82 72 9 80 7 29 92 86 63 60 83 92 79 61 23 61 89 52 29 95 1 65 38 54 72 24 25 55 59 42 70 9 30 75 1 74 41 51 1 17 76 21 65 87 39 21 80 93 45 56
88 37 93 56 66 10 9 22 30 88 61 80 38 67 68 5 15 32 70 49 93 90 28 32 70 49 30 39 57 6 70 91 19 45 79 80 95 83 9 94 74 56 21 54 20 26 60 47 95 36 78 36 50 63 15 38 66 46 47 31 43 70 31 88 92 47 17 47 85 19 50 50 66 12 50 84 38 6 53 51 42 17 81 61 81 21 8 10 70 56 5 53 81 80 12 15
50 12 19 53 12 23 18 42 42 66 32 42 43 77 9 36 9 38 49 24 14 46 69 37 47 35 67 7 0 41 23 11 17 77 66 79 52 4 64 47 30 91 84 63 72 67 14 64 50 10 85 43 91 38 34 55 22 79 10 89 55 68 74 34 88 58 4 93 67 92 5 90 41 13 28 5 23 30 65 13 79 45 43 53 40 84 51 72 19 89 8 47 41 9 65 57
28 74 90 69 48 3 18 45 37 27 56 57 80 24 33 93 16 92 87 46 59 10 57 4 36 64 56 87 34 12 47 41 3 24 44 36 19 20 87 30 21 73 62 92 22 9 47 17 72 35 27 32 21 75 77 41 22 59 30 42 41 67 23 32 12 67 73 76 8 63 89 67 32 93 43 85 81 26 14 23 22 18 86 81 42 38 78 10 76 81 83 2 87 52 7 55
42 49 20 79 92 48 84 41 5 6 43 80 3 49 94 7 36 33 46 46 92 47 34 59 9 0 59 91 62 68 3 32 67 47 47 34 85 73 48 42 91 68 46 62 65 36 93 27 52 50 90 66 58 2 50 69 34 24 59 44 51 62 88 60 59 72 83 39 47 73 58 73 30 2 38 57 65 32 57 60 31 77 8 59 11 52 89 39 44 87 73 51 44 51 78 21
95 20 41 46 8 69 93 1 58 31 10 4 72 75 44 37 68 46 25 53 19 73 43 0 41 47 77 49 3 35 48 7 65 36 51 1 84 1 88 85 11 70 36 31 55 44 79 61 90 47 23 91 70 64 11 33 75 40 47 61 50 19 67 66 61 83 0 91 58 85 75 52 27 0 11 54 78 36 41 72 74 74 24 52 91 68 16 10 16 14 78 17 65 73 16 79
27 64 84 12 18 0 6 90 72 24 49 14 56 89 33 73 76 74 30 37 2 73 76 23 15 34 0 38 47 10 77 83 39 39 83 60 1 63 64 21 0 25 5 82 45 43 64 79 51 51 39 58 49 66 39 32 87 18 19 5 63 93 49 67 11 21 6 30 8 34 60 95 82 74 52 74 4 11 72 46 58 82 29 33 74 7 60 27 3 0 86 48 6 12 32 24
22 16 15 87 36 69 75 69 82 30 95 1 76 26 80 33 52 90 68 65 10 56 22 27 53 53 32 46 36 7 24 94 18 30 3 83 79 3 47 93 49 31 61 75 33 19 90 20 26 91 21 26 67 29 34 90 83 31 44 88 22 85 50 23 26 21 83 81 84 65 29 3 85 12 13 9 73 41 78 89 13 79 3 56 30 67 42 5 94 18 49 21 36 51 45 19
32 84 23 4 85 57 12 74 45 79 80 26 56 63 31 37 2 3 79 17 67 89 71 1 34 65 49 93 9 88 61 42 57 37 51 52 39 40 68 12 92 48 80 33 40 44 88 74 37 26 65 38 34 22 19 69 83 16 42 10 42 7 34 18 77 48 5 30 29 16 5 79 10 52 8 62 39 41 80 54 17 28 45 16 45 13 51 26 61 88 73 37 82 27 58 71
68 72 89 70 11 85 79 63 36 7 95 21 53 36 6 86 44 48 91 81 12 31 86 54 1 35 3 15 54 4 27 29 4 28 84 35 74 94 93 11 85 31 54 2 37 10 71 23 76 27 7 95 47 24 26 86 35 73 42 16 36 77 0 30 86 3 54 30 90 40 95 67 51 55 40 3 91 55 83 64 36 93 61 5 2 28 8 25 65 35 48 75 29 67 73 4
35 66 33 73 40 81 55 40 76 9 74 56 52 39 73 25 45 10 64 84 22 11 34 39 67 40 52 54 61 87 62 24 13 49 52 7 76 55 63 78 66 64 38 44 19 78 34 64 83 56 84 63 58 23 64 77 13 50 7 28 35 85 22 50 85 6 7 41 49 50 21 30 38 52 38 42 0 57 42 63 16 79 87 18 54 74 34 34 32 37 41 94 81 49 89 52
51 70 4 52 17 48 93 25 50 32 35 24 28 75 51 69 89 12 46 35 94 24 57 64 52 44 78 8 95 81 9 25 16 22 63 11 93 3 43 80 73 61 86 50 7 28 19 77 88 81 70 16 20 74 85 25 35 28 36 31 40 82 14 33 31 87 8 91 50 60 44 8 6 66 19 4 76 94 90 90 26 22 88 48 55 45 46 31 64 26 23 59 75 71 39 88
73 34 1 49 59 95 81 46 6 38 7 56 18 33 20 8 16 79 43 91 49 6 30 82 47 92 43 14 75 88 75 77 60 44 40 64 14 23 49 67 47 85 51 74 30 85 70 35 32 84 33 51 83 43 70 43 29 21 81 95 18 88 56 18 70 35 10 12 3 64 26 9 72 84 20 54 63 86 12 65 50 6 80 93 24 67 50 87 29 42 13 26 41 47 58 56
13 69 77 85 63 19 45 66 24 82 23 19 3 52 33 50 91 58 66 43 34 38 2 78 77 69 56 26 74 56 15 34 36 76 75 60 0 52 57 72 94 13 5 33 76 7 80 28 13 62 93 77 91 47 32 78 59 86 30 82 49 22 76 92 48 94 30 14 89 72 78 42 61 85 66 34 91 64 86 79 82 34 62 31 45 60 18 36 16 41 93 8 12 26 21 17
28 49 7 77 49 4 44 17 52 59 94 82 30 34 76 76 28 31 10 56 44 62 48 8 1 63 89 36 83 70 72 11 1 7 3 31 7 75 6 86 41 85 68 19 9 31 84 81 45 29 42 34 63 38 53 20 23 29 72 13 93 55 45 72 44 7 1 13 62 5 7 21 70 87 6 70 65 13 62 87 59 6 1 37 48 77 74 80 33 90 27 19 72 66 70 81
26 56 69 85 50 35 76 84 46 65 65 77 74 87 55 65 29 67 15 73 10 28 33 57 39 92 6 84 43 52 24 56 24 29 28 46 42 48 49 88 80 66 13 35 60 45 93 84 25 92 41 76 83 60 10 2 11 27 21 69 53 95 83 32 25 88 73 82 40 57 87 24 52 11 46 34 5 72 88 82 65 68 95 78 88 84 67 18 34 71 85 69 86 37 52 49
39 15 60 13 32 59 53 27 74 15 52 90 20 72 95 89 24 47 2 54 7 62 89 48 57 53 19 34 92 90 5 71 77 89 55 35 89 36 82 57 19 76 32 90 16 61 79 45 52 16 32 45 94 62 76 12 85 26 55 17 35 67 66 88 25 95 49 16 20 32 74 90 59 0 33 40 25 10 50 42 76 48 23 83 38 26 32 17 17 63 90 54 62 89 93 27
3 49 79 59 61 44 22 73 72 47 88 27 67 70 70 50 91 84 56 71 76 76 66 91 51 7 65 1 90 8 71 19 44 7 81 76 9 87 36 27 30 30 64 51 87 83 79 40 17 47 70 79 75 31 61 32 51 43 4 71 45 25 46 67 53 38 92 58 91 37 69 45 88 72 91 71 82 18 88 14 84 40 22 90 67 45 66 33 31 78 34 67 30 73 53 17
47 27 33 40 31 1 83 92 36 83 15 8 74 17 4 90 33 71 74 94 91 57 71 58 12 21 0 11 26 68 34 33 95 62 48 70 31 88 29 77 46 4 29 67 62 92 82 79 54 24 44 88 70 3 95 72 53 37 27 8 88 60 13 36 39 78 15 40 37 53 59 26 33 90 56 14 26 91 33 38 37 66 81 29 83 42 68 59 30 75 53 45 45 3 8 91
5 47 42 94 18 65 35 77 22 12 68 69 53 56 33 76 37 91 1 48 93 47 73 6 2 77 28 25 20 50 28 39 33 42 78 11 4 58 32 93 56 51 75 63 58 77 84 28 9 53 3 23 77 43 50 15 66 74 44 74 19 87 62 78 32 9 83 78 65 36 67 58 64 45 8 15 65 44 80 35 92 16 29 32 91 9 42 44 4 43 91 51 80 46 8 80
18 13 10 78 63 88 7 21 34 77 13 86 71 57 68 75 60 4 75 88 65 19 74 44 68 0 22 62 93 44 53 62 51 67 34 24 36 85 68 29 4 13 80 89 91 30 70 76 33 4 19 94 78 59 66 52 51 1 38 84 53 94 94 52 49 54 89 37 74 56 8 90 84 1 81 14 78 16 15 88 90 11 61 81 87 48 15 72 47 25 52 60 94 82 60 13
90 70 57 40 79 66 91 47 12 83 29 9 73 9 8 93 94 26 70 48 56 64 29 25 56 82 43 64 74 8 14 16 9 59 41 8 29 44 94 35 55 30 59 6 57 54 93 66 53 83 49 82 24 57 27 52 22 35 0 35 62 59 77 43 39 50 76 57 41 91 79 78 61 43 21 67 36 69 95 37 26 29 16 29 33 84 49 61 62 71 9 62 92 51 93 71
44 63 85 61 75 13 9 76 78 31 76 48 14 76 55 51 92 6 52 4 44 88 91 37 54 64 88 71 11 67 83 12 15 45 47 65 62 42 92 60 93 71 51 73 18 31 16 17 4 50 41 7 62 18 0 62 80 37 50 55 59 5 2 51 43 82 78 6 75 84 57 17 17 38 82 24 14 15 12 7 33 28 5 86 24 12 69 51 22 67 35 94 26 47 27 48
30 67 93 62 25 83 40 91 75 29 95 25 19 32 24 90 46 16 71 32 20 93 50 80 3 44 11 61 60 47 74 57 30 74 78 94 83 86 84 86 8 89 63 91 47 16 1 18 47 71 9 93 27 60 1 6 58 12 38 58 9 12 14 43 39 3 31 23 93 81 39 95 75 89 88 22 84 84 30 19 29 58 20 18 82 11 67 70 45 12 37 0 72 60 49 1
4 60 11 32 60 31 31 65 95 69 46 58 15 7 78 30 14 80 64 72 45 54 7 24 78 67 60 26 91 13 40 72 30 81 45 1 93 16 39 84 1 0 89 19 14 40 85 33 38 95 59 40 84 3 35 19 76 45 30 81 81 7 47 93 69 87 21 5 71 32 28 19 63 28 17 61 74 47 80 82 2 62 67 80 65 14 13 69 2 38 44 65 29 78 5 85
85 74 34 21 16 15 27 95 75 32 51 24 12 70 45 1 94 76 47 15 1 39 83 24 40 85 48 91 88 43 2 88 28 64 91 58 84 65 46 18 10 57 2 9 45 34 92 57 49 73 19 87 94 31 66 39 78 78 31 46 90 55 23 64 46 46 69 75 39 42 33 35 29 94 28 1 86 86 92 22 33 4 71 32 13 39 49 37 51 85 7 92 66 24 1 61
19 12 64 48 72 63 74 12 9 32 56 39 86 90 33 12 17 63 73 57 84 37 69 73 62 46 37 53 55 1 68 63 70 58 35 11 33 72 2 37 79 67 74 15 49 95 58 88 84 38 87 95 39 11 57 73 35 88 57 1 57 57 94 77 50 51 35 10 79 51 55 55 81 41 49 14 38 39 32 41 20 79 82 93 93 78 48 53 94 5 9 56 73 23 56 14
35 75 36 76 17 79 80 93 28 59 23 41 75 43 92 44 58 26 42 21 55 27 87 59 5 34 78 65 36 63 2 46 36 68 4 10 71 10 34 30 25 76 3 65 69 65 3 16 8 77 17 37 16 63 57 79 84 76 14 58 42 78 62 70 91 94 26 81 54 4 42 46 95 29 17 68 84 85 88 80 68 24 57 55 94 68 8 55 60 42 95 74 88 15 60 74
37 6 92 93 8 82 92 23 89 39 42 66 34 15 7 33 11 74 89 23 76 66 73 92 57 78 82 82 92 9 35 56 25 0 40 1 14 54 18 35 88 68 17 73 40 64 39 21 48 54 74 82 81 85 5 44 9 90 52 92 84 57 2 34 21 63 44 94 64 75 87 14 19 81 87 36 1 39 85 32 88 30 17 76 19 63 60 74 1 74 24 14 22 39 38 0
34 91 0 6 71 18 46 31 39 44 31 64 44 52 79 22 16 46 24 21 48 35 64 39 30 5 94 76 17 61 49 46 7 37 80 36 4 51 69 67 66 30 2 42 83 44 3 44 17 20 49 59 74 68 9 44 89 13 57 13 18 10 10 90 95 43 72 61 23 42 8 71 86 62 76 57 81 12 17 94 59 85 4 31 14 53 30 57 73 12 85 50 77 27 64 73
44 7 24 29 86 39 86 78 71 36 43 56 57 43 27 12 49 7 57 20 51 45 48 50 5 82 64 63 33 65 46 15 38 34 38 71 87 14 38 22 49 56 29 72 58 47 5 81 2 31 76 61 1 47 65 78 64 37 61 84 51 60 84 54 37 50 25 94 90 84 18 28 80 24 94 26 12 55 1 45 53 19 17 93 20 42 11 78 28 93 40 42 60 19 37 23
40 25 70 94 14 9 61 60 32 8 55 46 53 32 77 61 57 70 93 14 84 93 9 50 69 26 71 46 13 94 70 82 51 45 5 71 64 13 69 25 42 78 3 72 78 16 95 21 64 11 90 39 36 38 78 69 27 86 77 82 48 82 33 86 0 45 30 88 0 5 2 11 87 86 34 92 8 4 38 31 2 49 80 17 76 52 37 68 69 41 95 22 23 68 49 82
47 28 63 88 27 12 22 25 57 61 91 86 70 33 50 67 53 86 30 11 72 42 70 47 88 50 84 77 35 34 12 40 12 45 91 85 36 63 45 54 11 63 62 13 56 30 16 17 63 31 84 22 28 87 68 83 6 57 17 95 91 57 87 75 14 48 55 16 75 38 55 70 46 22 14 46 23 73 18 23 58 47 76 55 6 91 41 42 77 17 43 33 12 91 49 80
82 33 94 72 54 68 82 82 33 32 15 10 30 26 78 39 34 86 79 40 37 84 55 20 64 15 86 53 31 63 21 52 65 18 36 78 49 79 42 4 47 39 43 45 35 24 65 53 78 59 89 79 28 81 59 65 1 44 28 54 47 4 57 44 82 37 7 68 67 40 56 10 86 74 66 34 74 95 49 10 15 1 42 88 17 32 65 42 19 89 0 10 93 83 85 33
52 24 47 85 80 5 55 30 15 35 85 95 78 43 39 0 13 30 24 94 79 65 76 49 72 55 80 36 41 77 22 55 57 42 65 43 27 62 76 5 54 68 83 56 91 7 21 26 93 12 58 84 44 34 0 62 76 61 60 5 23 69 64 76 76 4 89 12 36 44 75 61 94 34 13 2 95 50 48 51 21 75 3 29 2 51 1 7 62 85 79 52 29 40 39 4
7 17 20 68 52 83 1 16 58 86 69 23 5 60 36 18 89 27 49 62 13 24 36 37 82 55 47 48 1 30 42 39 19 2 79 68 1 70 20 84 30 22 62 80 31 89 29 50 79 70 45 64 34 18 14 29 81 50 34 67 84 61 65 40 30 76 60 87 77 39 3 11 67 42 2 6 80 42 30 80 16 14 85 92 7 46 18 23 60 92 46 44 14 63 11 73
79 63 69 16 80 43 41 35 90 0 25 74 1 75 23 80 48 85 81 37 40 23 63 9 80 58 38 41 87 73 8 49 48 23 15 73 55 3 52 10 63 4 84 10 0 47 13 60 79 58 82 14 39 72 18 1 14 9 15 84 6 77 52 2 7 24 72 73 15 86 15 77 94 28 7 73 69 13 72 61 16 88 89 63 83 26 72 33 35 80 58 41 43 0 92 32
49 94 17 95 79 25 4 17 53 24 61 50 16 94 91 92 32 61 77 81 9 58 22 90 48 31 90 82 61 80 41 28 27 73 3 79 77 55 29 76 12 65 93 80 32 86 69 63 71 25 39 36 12 47 4 52 22 89 32 56 59 85 81 33 29 56 3 69 29 65 5 32 81 85 61 21 55 82 38 16 83 37 61 75 93 90 13 55 34 26 79 14 37 94 90 68
2 79 10 93 27 75 56 25 21 60 84 6 49 85 5 59 41 58 76 64 58 72 80 14 38 76 73 17 80 36 56 73 61 76 54 70 39 89 80 1 7 40 60 72 63 3 61 77 39 24 1 49 90 68 86 28 16 26 51 68 5 77 45 1 93 47 33 16 31 40 47 91 5 58 66 67 19 62 16 82 61 9 56 64 27 5 29 52 16 34 91 13 49 76 8 52
43 14 70 78 27 86 38 73 28 29 75 56 37 16 72 65 66 83 23 23 1 4 89 37 87 48 63 50 93 38 65 80 29 11 10 62 21 65 19 38 16 85 8 78 38 50 72 3 42 23 35 65 70 12 5 26 32 83 94 39 33 31 82 37 49 49 65 54 73 53 19 10 85 90 43 57 20 87 39 75 65 10 73 87 25 43 74 50 1 48 77 86 74 2 84 16
93 37 69 77 81 22 21 35 6 4 78 20 42 43 82 80 14 78 5 45 68 12 3 36 81 13 89 94 81 64 55 45 11 69 15 85 45 81 36 3 13 4 41 52 8 93 25 8 44 24 69 62 92 13 84 53 49 81 43 91 7 64 65 83 40 22 51 11 2 90 52 27 28 69 76 69 95 27 11 42 50 60 23 33 19 70 58 14 82 55 7 8 19 73 13 74
45 89 12 63 9 58 48 14 21 9 5 80 36 69 23 34 80 41 37 51 90 52 12 32 38 66 53 81 4 93 42 64 85 4 43 80 4 70 52 19 73 4 52 52 44 7 34 92 11 58 12 63 55 18 62 61 0 11 33 24 24 21 83 65 50 63 55 50 92 50 67 64 34 54 73 45 9 79 68 86 35 45 38 79 80 61 58 17 94 14 88 31 1 73 66 42
50 41 27 27 66 89 85 56 65 17 70 7 3 30 57 81 81 91 59 91 2 63 64 15 32 9 8 67 78 37 27 21 56 35 56 83 73 24 49 75 83 12 89 33 31 52 43 61 26 62 39 19 48 65 66 10 7 75 5 48 55 8 49 76 17 8 35 34 8 93 62 39 92 55 37 11 92 90 59 16 23 40 69 73 36 88 51 81 81 30 14 19 69 38 92 13
70 38 90 14 46 80 48 2 59 33 33 91 51 25 81 8 34 81 89 14 0 43 71 89 50 38 94 91 30 7 16 70 66 85 68 43 56 52 81 43 2 72 45 60 30 30 66 39 68 18 56 68 3 39 23 8 93 81 37 0 47 34 45 48 3 0 36 36 59 91 72 17 53 76 64 6 43 51 1 32 49 75 86 84 25 53 38 40 38 1 34 59 0 77 88 13
22 47 88 14 17 65 82 93 85 9 44 5 1 14 53 74 52 90 90 82 9 29 52 27 24 29 73 81 8 73 23 80 89 18 90 18 76 67 75 74 51 86 49 63 81 20 16 17 68 77 75 31 48 7 81 82 71 56 94 11 33 52 58 67 41 12 3 30 43 59 25 93 95 15 85 0 73 70 5 57 58 3 92 16 87 18 77 61 63 9 47 75 46 18 83 38
84 65 57 13 75 72 85 33 87 92 18 76 39 79 58 0 47 51 37 58 91 6 22 41 41 61 33 23 37 63 67 36 23 16 15 33 36 13 34 70 32 73 12 19 37 49 94 48 25 27 73 69 94 49 62 18 87 71 50 37 91 66 23 67 82 45 74 16 15 59 12 45 50 28 59 21 29 77 47 76 26 93 48 20 75 95 80 83 90 67 57 34 95 85 64 14
1 85 59 9 24 84 83 63 46 45 58 16 14 36 78 48 17 83 5 67 34 8 77 52 27 31 84 24 78 60 22 19 15 69 52 78 45 50 85 22 84 29 85 24 24 66 64 65 42 86 95 13 18 94 36 66 78 6 11 38 54 74 52 79 66 16 18 4 45 5 85 3 15 41 92 12 21 5 55 65 51 35 86 79 70 16 33 30 47 90 43 61 85 47 49 26
77 37 80 48 47 72 71 37 47 23 63 1 63 12 78 7 46 6 75 4 77 94 13 14 1 0 88 4 68 15 28 10 23 24 16 11 26 54 89 2 18 78 78 55 89 0 8 79 2 24 16 68 10 21 32 85 36 1 77 46 3 60 28 86 40 51 88 90 20 63 86 54 95 67 25 32 48 83 24 30 49 7 94 60 46 36 74 47 16 52 77 92 18 8 39 58
49 30 71 55 78 84 61 19 36 12 2 16 24 94 74 27 58 23 47 49 44 3 5 15 33 66 36 45 12 32 27 38 40 2 49 32 1 6 88 43 75 63 9 32 17 60 30 5 78 8 85 71 52 4 45 90 33 90 9 14 56 65 75 82 51 90 81 28 78 20 32 95 53 88 94 41 77 12 55 21 50 58 76 59 52 66 3 7 13 76 31 80 4 94 15 46
38 29 38 13 37 76 0 68 30 58 47 63 94 37 94 89 1 21 31 85 41 57 6 76 61 67 87 68 41 79 31 18 12 45 16 81 53 91 32 5 1 0 65 55 86 36 91 76 80 48 24 84 11 45 17 50 90 69 42 74 65 36 90 71 87 33 21 60 80 68 15 74 13 78 33 19 52 62 84 1 28 45 4 67 12 80 71 6 19 37 49 40 58 7 30 22
2 74 8 74 62 54 51 91 80 82 35 90 36 74 37 51 51 31 17 22 9 81 84 34 43 95 31 46 76 69 34 36 34 53 45 32 57 20 78 91 53 88 33 25 31 55 86 64 45 0 17 54 43 64 50 95 72 67 7 52 69 26 17 34 76 86 77 63 40 10 28 71 46 65 19 44 9 92 71 19 72 18 16 2 94 88 5 94 66 62 94 1 25 15 42 60
62 37 32 32 4 37 40 17 13 4 49 4 80 42 64 41 65 22 84 6 75 6 50 3 84 33 1 0 30 47 78 46 60 21 9 29 86 41 23 57 69 79 41 44 22 73 89 28 27 44 84 8 43 85 46 23 65 35 31 45 28 44 55 63 87 85 70 58 40 60 28 93 43 87 94 43 76 75 73 39 70 40 65 20 76 40 12 40 32 22 88 41 37 92 24 25
55 16 76 39 67 92 37 89 30 80 8 50 13 82 36 47 3 88 94 75 28 22 53 55 1 76 85 51 90 2 26 60 77 90 66 45 26 1 17 27 93 28 46 74 43 10 65 67 39 39 84 22 43 30 62 44 82 78 51 22 74 41 82 41 84 85 53 30 46 42 31 83 11 93 81 92 29 66 44 24 59 45 67 86 81 72 43 58 23 66 20 62 27 47 82 8
49 64 46 59 70 13 94 37 7 20 24 46 40 9 56 23 13 23 27 23 26 20 52 70 92 38 80 88 62 67 47 81 53 87 44 14 8 23 69 85 80 83 34 40 67 83 13 0 21 77 88 27 54 90 93 40 16 69 68 14 77 60 4 20 43 38 48 41 0 80 17 15 43 35 13 14 78 13 16 69 84 33 54 30 52 30 47 60 72 13 48 79 28 39 77 46
57 75 94 14 76 36 90 79 20 56 71 58 84 9 12 30 85 1 83 53 89 90 36 10 86 24 7 66 69 16 17 59 7 22 32 5 77 38 62 77 59 61 74 22 85 52 42 57 78 92 94 1 10 26 46 11 9 61 79 87 23 21 92 10 90 54 58 20 26 26 64 70 49 77 46 84 55 51 38 74 29 67 10 14 70 85 56 6 11 62 33 1 80 25 83 80
13 9 27 34 18 63 64 82 38 67 7 53 94 32 95 40 94 21 23 63 95 51 73 68 73 87 6 65 78 41 95 89 20 36 37 19 11 75 32 30 37 7 24 2 82 86 49 37 35 25 32 69 0 12 58 39 67 28 6 81 0 15 65 63 81 90 31 63 6 36 27 76 40 31 35 73 38 29 30 70 41 13 52 76 95 74 28 37 26 4 9 77 18 22 86 29
58 16 22 29 46 51 93 58 50 69 10 85 52 26 12 68 16 83 34 64 19 25 34 51 1 18 86 43 67 76 76 41 18 41 41 51 35 53 88 32 45 71 92 94 11 46 59 58 73 17 31 51 5 51 83 28 57 21 15 86 74 31 26 44 77 84 32 56 92 29 23 68 5 51 35 79 3 94 37 65 19 62 28 57 77 74 64 52 14 18 19 53 79 11 94 27
2 74 82 41 37 38 83 63 7 87 35 51 95 6 64 18 53 79 52 13 26 90 37 91 10 39 64 9 80 59 14 60 35 11 67 9 75 14 68 12 52 8 52 22 36 7 54 64 75 86 6 48 49 73 34 16 79 3 42 85 70 9 17 51 83 85 69 91 6 31 72 49 74 38 87 62 66 59 35 74 33 3 34 41 34 84 66 51 95 38 60 66 43 44 81 55
79 59 78 56 84 93 70 92 4 1 74 12 16 93 10 54 48 27 19 31 79 41 41 85 23 92 91 45 82 26 66 51 87 62 34 19 89 27 8 54 65 49 88 89 30 67 93 90 33 3 9 0 14 55 5 73 94 88 53 86 5 81 93 61 17 24 16 50 74 69 6 26 8 53 31 87 79 11 94 56 78 81 68 15 65 34 73 74 12 92 62 27 94 46 81 44
76 34 29 51 20 79 22 63 11 16 5 62 85 86 31 95 94 43 84 83 75 54 88 53 19 38 87 77 39 89 7 8 3 55 72 21 87 91 12 61 85 26 6 11 60 76 20 36 22 84 5 70 18 23 61 79 38 46 28 64 70 41 3 35 79 32 45 60 12 58 61 4 49 29 10 26 86 28 12 40 57 28 66 14 36 38 19 70 92 56 32 8 80 87 95 32
78 63 43 82 57 71 88 8 57 25 95 52 91 28 9 21 71 61 43 37 69 41 56 13 58 40 67 82 65 35 77 13 16 54 29 65 16 70 26 9 53 59 64 47 5 20 82 18 94 57 24 30 31 28 42 88 85 20 86 54 56 83 4 39 31 71 84 58 84 91 51 26 24 34 37 68 17 33 94 91 94 94 52 68 33 1 37 88 12 77 83 68 92 16 1 86
20 88 48 72 46 25 34 60 13 88 54 46 3 31 82 35 42 93 46 3 34 42 4 30 12 59 42 86 54 1 36 72 38 58 79 37 54 92 21 93 93 60 40 10 1 37 33 69 11 14 61 18 14 7 54 61 65 16 44 65 20 27 79 23 56 24 18 5 8 62 95 89 12 54 33 38 43 57 45 77 30 1 26 27 11 19 7 60 91 74 58 12 87 11 36 41
12 66 14 93 13 66 66 8 9 3 25 47 28 86 8 40 30 59 14 55 67 36 28 63 89 9 30 51 12 49 83 60 39 52 13 20 69 35 93 94 1 32 6 55 61 1 40 20 71 78 76 38 84 93 13 93 95 74 70 15 48 86 13 11 78 31 24 59 27 55 2 61 12 7 17 38 82 79 43 11 41 35 68 73 87 31 31 63 91 45 31 86 0 20 88 67
34 16 33 91 18 79 16 13 8 27 21 20 42 69 0 76 43 70 6 3 68 40 77 88 20 74 34 43 80 27 62 3 17 32 36 28 76 19 8 18 77 45 75 44 33 62 54 55 21 55 6 30 20 9 82 83 6 59 49 49 43 70 67 65 0 28 77 34 9 7 5 67 11 3 86 23 50 39 13 46 86 68 55 24 42 28 91 37 27 72 3 34 27 52 17 41
19 18 77 54 94 83 42 12 35 5 45 1 69 25 3 37 76 34 37 86 28 75 60 90 30 33 86 14 14 54 8 74 23 44 53 82 39 57 50 15 74 84 56 14 2 92 58 43 13 77 87 92 53 47 83 87 28 29 74 52 83 84 1 20 0 90 87 90 13 42 2 24 81 48 24 83 19 13 78 12 78 13 26 56 38 41 4 69 76 34 11 64 81 21 40 68
77 27 5 23 32 26 53 40 28 74 21 92 35 91 33 32 94 63 48 25 66 38 93 25 83 65 54 23 16 20 34 5 77 66 62 2 41 12 77 8 16 74 56 69 86 29 27 18 44 1 9 53 40 15 50 31 11 10 59 74 71 93 23 60 7 3 63 29 42 80 90 63 40 60 91 73 35 43 51 6 18 91 68 2 76 77 83 39 25 2 52 1 37 74 76 58